0.654432 0.258194
0.545623 0.376404
0.598054 0.317823
0.549772 0.282423
0.505967 0.333836
0.682849 0.354758
0.442845 0.145596
0.629258 0.342353
0.671829 0.315408
0.522414 0.310688
0.588935 0.328936
0.649306 0.403891
0.697825 0.274087
0.624616 0.308795
0.697661 0.363120
0.439565 0.359860
0.596656 0.345346
0.543723 0.367377
0.398940 0.258674
0.748830 0.320217
0.487290 0.269007
0.525576 0.362739
0.687811 0.259136
0.518750 0.309237
0.732904 0.288994
0.634686 0.309984
0.578801 0.365588
0.624552 0.336546
0.559211 0.380459
0.483452 0.199390
0.675804 0.261190
0.727083 0.380113
0.683406 0.343869
0.623447 0.265977
0.616246 0.286460
0.239739 0.324028
0.567781 0.394183
0.704879 0.292168
0.532968 0.312361
0.497999 0.206754
0.560380 0.349163
0.438414 0.310862
0.369170 0.257008
0.191493 0.363901
0.605702 0.425378
0.372615 0.231995
0.677540 0.408582
0.696080 0.301050
0.641877 0.342023
0.505245 0.362713
0.660252 0.255604
0.556771 0.301634
0.455985 0.388744
0.708808 0.416161
0.659759 0.371681
0.354651 0.467062
0.611340 0.303355
0.582337 0.309764
0.675055 0.419800
0.709823 0.356047
