0
20 
60 
6 
14  24  6  0  0  4 
26  14  0  8  0  0 
0  28  20  0  0  0 
0  2  46  0  0  0 
6  8  34  0  0  0 
0  8  40  0  0  0 
0  8  36  0  0  4 
0  34  10  0  0  4 
22  20  6  0  0  0 
0  10  38  0  0  0 
6  8  34  0  0  0 
12  20  16  0  0  0 
0  2  46  0  0  0 
0  18  28  0  2  0 
22  16  10  0  0  0 
2  22  24  0  0  0 
24  22  2  0  0  0 
10  28  10  0  0  0 
24  18  6  0  0  0 
4  14  26  0  0  4 
7 
6  0  36  6  0  0  0 
32  0  16  0  0  0  0 
8  0  38  2  0  0  0 
48  0  0  0  0  0  0 
6  0  42  0  0  0  0 
36  2  2  0  8  0  0 
18  0  24  0  0  6  0 
42  0  6  0  0  0  0 
2  0  46  0  0  0  0 
36  0  12  0  0  0  0 
36  8  4  0  0  0  0 
12  0  36  0  0  0  0 
42  0  6  0  0  0  0 
32  0  16  0  0  0  0 
42  0  6  0  0  0  0 
34  0  14  0  0  0  0 
22  0  26  0  0  0  0 
6  0  38  0  2  0  2 
24  0  24  0  0  0  0 
4  0  44  0  0  0  0 
6 
32  4  12  0  0  0 
10  26  10  2  0  0 
36  8  4  0  0  0 
2  46  0  0  0  0 
38  0  10  0  0  0 
6  8  26  0  2  6 
20  26  2  0  0  0 
38  6  2  2  0  0 
48  0  0  0  0  0 
46  0  2  0  0  0 
20  24  4  0  0  0 
28  2  18  0  0  0 
16  0  32  0  0  0 
12  20  16  0  0  0 
16  2  30  0  0  0 
24  8  16  0  0  0 
34  12  0  2  0  0 
48  0  0  0  0  0 
38  0  10  0  0  0 
36  6  6  0  0  0 
4 
8  2  36  2 
6  0  42  0 
26  0  22  0 
0  0  48  0 
6  0  42  0 
0  4  34  10 
2  32  8  6 
2  4  40  2 
0  34  14  0 
0  22  26  0 
0  8  40  0 
16  8  24  0 
10  2  36  0 
18  14  16  0 
0  42  6  0 
8  0  40  0 
6  0  42  0 
16  6  26  0 
16  6  26  0 
8  4  36  0 
5 
4  0  44  0  0 
32  8  8  0  0 
12  0  36  0  0 
0  0  48  0  0 
6  0  42  0  0 
26  0  22  0  0 
40  0  8  0  0 
12  0  36  0  0 
4  0  44  0  0 
10  0  38  0  0 
26  2  20  0  0 
20  0  26  0  2 
40  0  8  0  0 
10  0  38  0  0 
48  0  0  0  0 
18  0  30  0  0 
34  0  12  2  0 
22  0  26  0  0 
12  0  36  0  0 
8  0  40  0  0 
7 
26  6  0  12  4  0  0 
30  14  0  4  0  0  0 
0  16  0  26  0  6  0 
2  0  0  46  0  0  0 
38  10  0  0  0  0  0 
4  20  0  24  0  0  0 
28  12  0  6  0  2  0 
36  4  0  8  0  0  0 
42  2  2  0  0  0  2 
28  18  0  0  0  0  2 
8  8  0  28  0  4  0 
42  6  0  0  0  0  0 
4  2  0  0  0  42  0 
18  16  0  10  0  4  0 
4  10  34  0  0  0  0 
16  6  2  20  4  0  0 
38  4  0  6  0  0  0 
40  0  0  4  0  4  0 
36  8  0  4  0  0  0 
40  8  0  0  0  0  0 
5 
2  12  34  0  0 
0  6  42  0  0 
0  4  44  0  0 
0  0  48  0  0 
0  10  32  6  0 
0  10  38  0  0 
0  22  26  0  0 
0  6  42  0  0 
0  34  14  0  0 
0  12  34  2  0 
0  18  30  0  0 
0  12  36  0  0 
0  2  46  0  0 
0  24  20  0  4 
0  4  36  0  8 
2  14  32  0  0 
6  22  20  0  0 
0  24  24  0  0 
0  12  36  0  0 
0  12  36  0  0 
5 
34  12  2  0  0 
34  14  0  0  0 
32  6  10  0  0 
0  2  46  0  0 
28  4  14  2  0 
10  24  14  0  0 
24  10  2  0  12 
46  2  0  0  0 
44  2  2  0  0 
44  0  4  0  0 
32  6  8  0  2 
26  16  6  0  0 
4  42  2  0  0 
28  20  0  0  0 
8  40  0  0  0 
20  16  12  0  0 
0  42  6  0  0 
14  34  0  0  0 
26  22  0  0  0 
12  26  10  0  0 
8 
10  6  0  32  0  0  0  0 
0  0  0  46  0  2  0  0 
0  16  2  30  0  0  0  0 
0  48  0  0  0  0  0  0 
0  8  0  32  0  8  0  0 
2  30  4  12  0  0  0  0 
16  0  14  10  8  0  0  0 
2  2  0  42  0  0  2  0 
2  2  0  14  0  0  30  0 
0  22  0  20  2  4  0  0 
24  16  4  2  0  0  0  2 
8  20  0  16  2  0  2  0 
0  10  0  38  0  0  0  0 
2  34  0  12  0  0  0  0 
0  6  0  42  0  0  0  0 
4  28  2  8  6  0  0  0 
2  40  0  6  0  0  0  0 
0  26  4  12  0  0  6  0 
10  6  0  32  0  0  0  0 
0  26  0  22  0  0  0  0 
7 
10  34  2  0  0  2  0 
34  14  0  0  0  0  0 
40  4  0  0  4  0  0 
2  46  0  0  0  0  0 
2  44  0  0  0  2  0 
10  38  0  0  0  0  0 
26  16  6  0  0  0  0 
2  40  6  0  0  0  0 
4  44  0  0  0  0  0 
0  48  0  0  0  0  0 
34  10  0  0  4  0  0 
8  40  0  0  0  0  0 
2  44  0  0  0  2  0 
14  24  2  0  0  8  0 
2  18  26  0  0  0  2 
12  36  0  0  0  0  0 
12  20  14  2  0  0  0 
12  26  0  10  0  0  0 
2  46  0  0  0  0  0 
22  26  0  0  0  0  0 
7 
2  2  0  44  0  0  0 
18  6  0  24  0  0  0 
16  4  0  28  0  0  0 
0  0  0  48  0  0  0 
0  0  0  48  0  0  0 
18  30  0  0  0  0  0 
8  12  0  24  4  0  0 
8  2  0  34  0  4  0 
2  0  0  44  0  2  0 
0  14  0  34  0  0  0 
10  30  0  6  0  0  2 
8  16  0  24  0  0  0 
0  48  0  0  0  0  0 
0  24  4  20  0  0  0 
32  10  0  6  0  0  0 
6  6  4  32  0  0  0 
0  6  0  42  0  0  0 
12  4  0  32  0  0  0 
2  16  0  30  0  0  0 
6  4  0  38  0  0  0 
7 
16  24  8  0  0  0  0 
0  36  12  0  0  0  0 
0  8  40  0  0  0  0 
0  2  46  0  0  0  0 
6  16  2  0  0  24  0 
0  4  44  0  0  0  0 
0  8  16  0  24  0  0 
12  24  6  2  4  0  0 
4  40  2  0  0  2  0 
0  38  10  0  0  0  0 
8  18  6  16  0  0  0 
0  40  4  2  0  2  0 
0  0  46  2  0  0  0 
0  8  40  0  0  0  0 
24  24  0  0  0  0  0 
2  18  22  0  0  2  4 
0  42  2  0  4  0  0 
0  44  4  0  0  0  0 
0  32  14  0  0  2  0 
0  42  6  0  0  0  0 
6 
6  2  30  10  0  0 
28  0  20  0  0  0 
8  0  2  30  0  8 
0  0  48  0  0  0 
2  0  22  16  8  0 
30  6  10  2  0  0 
22  4  14  8  0  0 
4  4  34  6  0  0 
0  2  38  6  2  0 
0  0  26  22  0  0 
4  2  22  18  2  0 
16  4  24  4  0  0 
42  0  0  6  0  0 
4  0  26  18  0  0 
34  0  8  6  0  0 
12  0  10  26  0  0 
44  0  4  0  0  0 
16  0  22  10  0  0 
2  0  16  18  0  12 
2  2  22  22  0  0 
9 
32  0  0  16  0  0  0  0  0 
32  4  0  12  0  0  0  0  0 
0  0  4  42  0  0  2  0  0 
48  0  0  0  0  0  0  0  0 
36  0  0  10  0  0  0  2  0 
18  0  4  22  4  0  0  0  0 
8  2  0  38  0  0  0  0  0 
10  0  4  34  0  0  0  0  0 
44  2  0  2  0  0  0  0  0 
44  0  0  2  0  0  0  2  0 
4  2  30  10  2  0  0  0  0 
22  14  0  12  0  0  0  0  0 
8  0  0  38  0  0  0  0  2 
24  0  0  18  0  2  0  0  4 
34  0  10  2  2  0  0  0  0 
18  4  4  18  0  4  0  0  0 
38  0  6  4  0  0  0  0  0 
24  0  0  24  0  0  0  0  0 
32  0  0  16  0  0  0  0  0 
16  26  0  6  0  0  0  0  0 
6 
28  2  0  16  0  2 
42  0  6  0  0  0 
2  0  38  8  0  0 
2  46  0  0  0  0 
22  8  0  16  2  0 
6  18  8  16  0  0 
6  24  8  10  0  0 
38  2  6  2  0  0 
44  2  0  2  0  0 
24  2  14  4  4  0 
8  34  4  2  0  0 
36  6  2  4  0  0 
4  0  0  44  0  0 
16  22  2  8  0  0 
12  0  0  36  0  0 
14  18  6  10  0  0 
40  2  4  2  0  0 
28  8  6  6  0  0 
30  14  0  4  0  0 
44  2  0  2  0  0 
5 
36  12  0  0  0 
48  0  0  0  0 
46  2  0  0  0 
48  0  0  0  0 
6  38  4  0  0 
34  10  2  2  0 
2  36  8  2  0 
20  28  0  0  0 
44  4  0  0  0 
22  26  0  0  0 
18  8  18  0  4 
46  2  0  0  0 
48  0  0  0  0 
48  0  0  0  0 
24  22  2  0  0 
46  2  0  0  0 
44  4  0  0  0 
32  16  0  0  0 
38  10  0  0  0 
36  8  4  0  0 
6 
2  16  0  14  4  12 
2  28  0  18  0  0 
0  10  0  36  2  0 
0  2  0  46  0  0 
0  22  0  26  0  0 
0  48  0  0  0  0 
0  48  0  0  0  0 
0  24  4  4  16  0 
0  8  0  38  2  0 
0  10  0  32  6  0 
0  38  0  8  2  0 
0  16  0  30  2  0 
0  44  0  4  0  0 
0  8  0  40  0  0 
28  16  0  4  0  0 
0  14  0  30  4  0 
0  40  0  8  0  0 
2  30  0  14  2  0 
0  32  0  16  0  0 
0  10  0  36  2  0 
4 
22  24  0  2 
24  24  0  0 
6  42  0  0 
2  46  0  0 
6  38  0  4 
44  4  0  0 
20  28  0  0 
46  2  0  0 
40  8  0  0 
6  38  2  2 
38  10  0  0 
22  20  0  6 
4  44  0  0 
34  14  0  0 
2  46  0  0 
30  12  0  6 
36  12  0  0 
14  26  0  8 
0  48  0  0 
22  18  0  8 
5 
0  14  34  0  0 
0  28  20  0  0 
0  28  20  0  0 
0  0  48  0  0 
0  6  42  0  0 
0  0  48  0  0 
0  2  44  0  2 
0  2  46  0  0 
0  36  12  0  0 
0  10  38  0  0 
0  0  46  0  2 
0  18  30  0  0 
0  4  44  0  0 
0  14  34  0  0 
0  0  48  0  0 
0  10  38  0  0 
0  6  40  2  0 
4  10  34  0  0 
0  20  28  0  0 
6  26  16  0  0 
5 
22  8  10  8  0 
22  10  0  16  0 
34  8  2  4  0 
2  0  0  46  0 
18  2  0  28  0 
0  4  42  2  0 
0  32  0  12  4 
2  28  16  2  0 
8  0  0  40  0 
30  2  0  16  0 
24  6  14  4  0 
16  10  8  14  0 
0  46  0  2  0 
4  18  10  16  0 
4  6  2  36  0 
12  24  4  8  0 
16  20  12  0  0 
2  26  6  14  0 
36  2  0  10  0 
16  2  12  18  0 
7 
2  38  8  0  0  0  0 
0  42  0  0  0  6  0 
0  10  38  0  0  0  0 
0  48  0  0  0  0  0 
12  32  2  2  0  0  0 
0  20  24  0  2  0  2 
0  14  34  0  0  0  0 
0  42  4  0  0  2  0 
2  16  30  0  0  0  0 
0  48  0  0  0  0  0 
0  26  22  0  0  0  0 
10  34  4  0  0  0  0 
0  36  10  2  0  0  0 
8  22  18  0  0  0  0 
0  48  0  0  0  0  0 
10  26  12  0  0  0  0 
2  26  14  0  0  6  0 
0  42  2  0  0  0  4 
8  38  2  0  0  0  0 
4  44  0  0  0  0  0 
3 
0  26  22 
0  40  8 
0  38  10 
0  0  48 
0  12  36 
8  36  4 
0  48  0 
2  12  34 
0  44  4 
0  40  8 
0  34  14 
0  30  18 
0  2  46 
0  18  30 
0  0  48 
0  26  22 
0  34  14 
2  14  32 
0  16  32 
4  18  26 
7 
4  12  26  6  0  0  0 
0  14  34  0  0  0  0 
6  12  30  0  0  0  0 
2  0  46  0  0  0  0 
14  0  32  2  0  0  0 
36  2  4  0  0  0  6 
2  22  16  0  0  8  0 
0  14  12  0  22  0  0 
2  30  10  6  0  0  0 
14  0  30  4  0  0  0 
6  14  28  0  0  0  0 
12  2  26  8  0  0  0 
38  0  10  0  0  0  0 
34  0  14  0  0  0  0 
2  0  44  2  0  0  0 
28  2  14  4  0  0  0 
16  18  14  0  0  0  0 
26  6  10  6  0  0  0 
14  10  24  0  0  0  0 
2  0  24  22  0  0  0 
5 
4  0  44  0  0 
18  2  28  0  0 
0  0  44  4  0 
2  0  46  0  0 
0  8  40  0  0 
0  46  2  0  0 
14  16  18  0  0 
28  8  12  0  0 
0  2  46  0  0 
0  12  36  0  0 
0  20  20  8  0 
8  8  32  0  0 
0  2  46  0  0 
0  30  18  0  0 
2  4  42  0  0 
10  4  26  8  0 
0  0  48  0  0 
16  8  18  0  6 
4  8  36  0  0 
12  2  34  0  0 
8 
28  2  4  12  2  0  0  0 
0  10  22  14  2  0  0  0 
0  48  0  0  0  0  0  0 
2  46  0  0  0  0  0  0 
14  4  22  6  2  0  0  0 
0  2  0  36  0  8  2  0 
0  18  8  22  0  0  0  0 
0  6  34  6  0  0  2  0 
6  32  6  4  0  0  0  0 
32  2  14  0  0  0  0  0 
10  24  0  4  10  0  0  0 
16  14  4  10  2  0  0  2 
8  40  0  0  0  0  0  0 
12  36  0  0  0  0  0  0 
16  30  2  0  0  0  0  0 
14  26  4  0  2  0  0  2 
6  34  0  8  0  0  0  0 
20  6  8  14  0  0  0  0 
8  24  10  4  0  0  0  2 
18  6  2  14  8  0  0  0 
6 
24  20  0  4  0  0 
22  20  0  6  0  0 
0  8  0  40  0  0 
2  0  0  46  0  0 
4  28  0  16  0  0 
0  10  0  38  0  0 
2  44  0  0  2  0 
2  38  0  6  2  0 
8  36  0  4  0  0 
6  40  0  2  0  0 
0  22  0  22  0  4 
6  34  0  8  0  0 
0  4  0  44  0  0 
0  22  8  18  0  0 
2  44  0  2  0  0 
4  26  2  14  0  2 
10  22  0  14  0  2 
20  8  0  2  4  14 
10  34  0  4  0  0 
8  26  0  14  0  0 
4 
16  28  4  0 
46  2  0  0 
18  18  12  0 
48  0  0  0 
36  12  0  0 
0  44  4  0 
18  22  0  8 
2  38  2  6 
40  8  0  0 
42  4  2  0 
0  38  10  0 
38  8  2  0 
2  46  0  0 
38  10  0  0 
8  22  18  0 
32  12  4  0 
16  30  2  0 
22  24  0  2 
36  10  2  0 
40  6  2  0 
6 
0  0  34  14  0  0 
0  24  16  8  0  0 
0  2  10  36  0  0 
0  0  2  46  0  0 
0  0  30  18  0  0 
0  0  0  12  36  0 
0  2  30  16  0  0 
0  0  38  2  8  0 
0  0  44  4  0  0 
0  0  36  12  0  0 
6  0  28  8  6  0 
0  4  30  14  0  0 
0  0  2  42  0  4 
0  0  16  32  0  0 
0  0  2  46  0  0 
2  2  28  16  0  0 
8  2  28  4  6  0 
0  12  34  2  0  0 
0  2  18  28  0  0 
0  2  34  12  0  0 
6 
0  20  26  2  0  0 
22  0  26  0  0  0 
0  6  38  0  4  0 
0  48  0  0  0  0 
0  6  42  0  0  0 
0  48  0  0  0  0 
0  42  4  0  2  0 
0  12  32  2  2  0 
0  4  44  0  0  0 
0  0  48  0  0  0 
0  30  16  0  2  0 
0  18  26  4  0  0 
0  36  12  0  0  0 
0  32  16  0  0  0 
0  0  48  0  0  0 
0  18  26  2  0  2 
6  14  28  0  0  0 
0  16  24  0  8  0 
0  4  44  0  0  0 
0  18  26  4  0  0 
5 
12  20  16  0  0 
26  0  8  14  0 
46  2  0  0  0 
48  0  0  0  0 
32  12  4  0  0 
30  6  6  0  6 
14  8  26  0  0 
30  18  0  0  0 
40  8  0  0  0 
38  8  2  0  0 
24  18  6  0  0 
34  12  2  0  0 
48  0  0  0  0 
42  6  0  0  0 
46  2  0  0  0 
36  10  2  0  0 
32  6  10  0  0 
16  30  2  0  0 
40  8  0  0  0 
26  20  2  0  0 
7 
12  0  4  32  0  0  0 
22  0  6  20  0  0  0 
6  0  32  10  0  0  0 
0  0  2  46  0  0  0 
20  0  6  22  0  0  0 
44  0  0  0  4  0  0 
48  0  0  0  0  0  0 
14  4  0  28  2  0  0 
38  0  2  8  0  0  0 
2  0  14  30  0  2  0 
4  0  12  32  0  0  0 
20  0  8  20  0  0  0 
38  4  4  2  0  0  0 
6  10  16  16  0  0  0 
24  0  0  24  0  0  0 
14  10  8  12  0  4  0 
12  0  12  22  2  0  0 
12  0  2  32  0  0  2 
10  10  18  10  0  0  0 
26  2  0  16  0  4  0 
7 
34  2  0  4  8  0  0 
20  28  0  0  0  0  0 
28  0  0  20  0  0  0 
0  0  48  0  0  0  0 
32  0  8  8  0  0  0 
2  0  40  6  0  0  0 
12  24  10  0  0  0  2 
4  32  6  6  0  0  0 
44  0  2  2  0  0  0 
36  0  0  10  0  2  0 
6  6  8  28  0  0  0 
30  2  10  4  0  2  0 
4  0  0  44  0  0  0 
20  0  8  20  0  0  0 
0  24  24  0  0  0  0 
34  0  4  8  0  2  0 
12  0  4  16  16  0  0 
24  4  2  14  0  4  0 
38  2  6  2  0  0  0 
40  0  6  2  0  0  0 
5 
14  12  22  0  0 
16  0  26  6  0 
4  34  10  0  0 
0  48  0  0  0 
6  6  32  0  4 
46  2  0  0  0 
34  6  8  0  0 
36  6  6  0  0 
34  4  10  0  0 
0  4  42  0  2 
34  6  8  0  0 
14  14  18  0  2 
0  38  10  0  0 
8  30  10  0  0 
48  0  0  0  0 
8  26  14  0  0 
36  6  6  0  0 
22  12  10  0  4 
22  8  14  0  4 
10  14  24  0  0 
8 
8  34  6  0  0  0  0  0 
0  26  18  0  0  0  4  0 
8  28  4  6  0  2  0  0 
0  2  0  46  0  0  0  0 
0  38  4  6  0  0  0  0 
0  18  30  0  0  0  0  0 
0  20  28  0  0  0  0  0 
2  36  10  0  0  0  0  0 
0  16  32  0  0  0  0  0 
2  46  0  0  0  0  0  0 
0  16  32  0  0  0  0  0 
12  26  6  4  0  0  0  0 
0  6  20  22  0  0  0  0 
0  26  16  4  0  2  0  0 
12  36  0  0  0  0  0  0 
10  32  0  6  0  0  0  0 
2  40  4  0  0  0  2  0 
0  30  18  0  0  0  0  0 
10  26  6  0  6  0  0  0 
8  32  0  4  0  0  2  2 
6 
10  0  12  24  0  2 
2  0  30  16  0  0 
6  2  26  14  0  0 
0  0  0  48  0  0 
0  0  26  20  2  0 
8  0  0  40  0  0 
0  0  8  40  0  0 
0  0  6  38  0  4 
2  0  4  10  0  32 
0  0  20  28  0  0 
2  2  0  44  0  0 
6  2  14  22  2  2 
34  0  2  12  0  0 
4  0  16  28  0  0 
12  0  0  36  0  0 
2  0  10  34  0  2 
2  0  32  14  0  0 
0  12  4  32  0  0 
2  0  42  4  0  0 
10  0  10  26  0  2 
6 
2  44  0  0  2  0 
0  48  0  0  0  0 
0  12  36  0  0  0 
0  48  0  0  0  0 
0  48  0  0  0  0 
6  42  0  0  0  0 
0  48  0  0  0  0 
2  46  0  0  0  0 
0  46  0  0  2  0 
0  42  0  0  6  0 
2  38  4  2  2  0 
4  44  0  0  0  0 
0  48  0  0  0  0 
16  28  0  4  0  0 
0  46  0  0  2  0 
6  42  0  0  0  0 
0  46  0  0  2  0 
20  26  0  0  0  2 
0  48  0  0  0  0 
2  46  0  0  0  0 
5 
0  40  8  0  0 
0  38  10  0  0 
0  6  42  0  0 
0  48  0  0  0 
0  26  18  4  0 
0  0  48  0  0 
0  0  48  0  0 
6  34  8  0  0 
32  10  6  0  0 
8  40  0  0  0 
0  16  32  0  0 
8  34  4  2  0 
0  42  6  0  0 
0  16  32  0  0 
0  44  2  2  0 
2  30  14  2  0 
2  24  16  6  0 
2  14  32  0  0 
2  36  10  0  0 
0  36  10  0  2 
6 
0  28  12  8  0  0 
0  8  24  0  4  12 
10  28  8  2  0  0 
0  0  48  0  0  0 
0  14  16  18  0  0 
22  0  26  0  0  0 
12  4  32  0  0  0 
2  4  18  24  0  0 
0  10  34  4  0  0 
0  34  0  14  0  0 
34  8  4  2  0  0 
0  24  12  12  0  0 
2  0  42  2  2  0 
0  14  24  10  0  0 
6  4  38  0  0  0 
2  28  12  6  0  0 
0  34  6  8  0  0 
0  32  12  4  0  0 
0  18  10  20  0  0 
0  36  4  8  0  0 
7 
2  40  0  2  4  0  0 
0  30  0  18  0  0  0 
0  40  0  0  0  0  8 
0  48  0  0  0  0  0 
2  42  0  4  0  0  0 
0  26  0  18  0  0  4 
16  10  22  0  0  0  0 
6  32  2  8  0  0  0 
0  8  0  38  2  0  0 
2  46  0  0  0  0  0 
4  18  0  26  0  0  0 
2  30  0  10  6  0  0 
0  36  0  0  12  0  0 
0  46  0  0  2  0  0 
0  38  0  2  0  0  8 
0  38  0  2  8  0  0 
8  0  0  40  0  0  0 
8  24  0  12  0  4  0 
0  32  0  16  0  0  0 
2  44  0  2  0  0  0 
3 
2  12  34 
0  30  18 
0  28  20 
0  0  48 
0  4  44 
6  36  6 
2  20  26 
8  2  38 
0  2  46 
0  14  34 
0  16  32 
0  22  26 
0  6  42 
0  26  22 
0  38  10 
0  24  24 
0  18  30 
0  18  30 
0  22  26 
0  24  24 
4 
6  4  38  0 
0  22  26  0 
0  6  42  0 
0  0  48  0 
8  4  36  0 
0  48  0  0 
6  36  6  0 
20  6  22  0 
0  36  12  0 
0  4  44  0 
12  2  34  0 
4  16  26  2 
2  46  0  0 
2  22  24  0 
0  14  34  0 
0  22  26  0 
0  4  44  0 
10  6  32  0 
12  16  20  0 
6  2  40  0 
5 
24  4  20  0  0 
12  22  14  0  0 
46  0  2  0  0 
48  0  0  0  0 
44  0  4  0  0 
42  0  4  2  0 
40  0  6  0  2 
4  14  30  0  0 
46  0  2  0  0 
44  4  0  0  0 
26  22  0  0  0 
40  4  4  0  0 
42  0  6  0  0 
42  0  6  0  0 
10  4  34  0  0 
34  2  12  0  0 
48  0  0  0  0 
30  18  0  0  0 
42  2  4  0  0 
36  6  6  0  0 
4 
32  0  16  0 
48  0  0  0 
42  6  0  0 
46  2  0  0 
30  0  16  2 
48  0  0  0 
48  0  0  0 
46  0  2  0 
14  0  34  0 
46  0  2  0 
38  10  0  0 
38  0  8  2 
48  0  0  0 
34  8  6  0 
48  0  0  0 
36  2  8  2 
20  20  8  0 
34  12  2  0 
34  2  12  0 
20  0  26  2 
5 
0  48  0  0  0 
34  10  0  0  4 
0  36  12  0  0 
0  48  0  0  0 
0  48  0  0  0 
0  48  0  0  0 
0  46  0  2  0 
2  46  0  0  0 
0  48  0  0  0 
0  48  0  0  0 
0  38  10  0  0 
0  48  0  0  0 
6  42  0  0  0 
0  48  0  0  0 
0  48  0  0  0 
10  38  0  0  0 
2  46  0  0  0 
16  32  0  0  0 
0  48  0  0  0 
0  48  0  0  0 
5 
6  8  34  0  0 
6  26  16  0  0 
10  12  26  0  0 
48  0  0  0  0 
0  0  46  2  0 
44  2  0  0  2 
46  2  0  0  0 
28  0  20  0  0 
8  0  38  2  0 
4  2  42  0  0 
34  12  2  0  0 
26  0  22  0  0 
48  0  0  0  0 
48  0  0  0  0 
2  0  46  0  0 
20  10  18  0  0 
32  12  4  0  0 
28  2  18  0  0 
16  20  12  0  0 
24  0  24  0  0 
4 
8  38  0  2 
0  42  0  6 
2  46  0  0 
0  48  0  0 
8  22  0  18 
0  42  6  0 
0  44  4  0 
6  36  4  2 
4  42  0  2 
30  16  0  2 
0  46  2  0 
8  40  0  0 
0  48  0  0 
0  36  12  0 
0  48  0  0 
0  38  8  2 
28  20  0  0 
6  28  0  14 
0  46  2  0 
10  26  6  6 
6 
0  40  4  4  0  0 
0  10  36  2  0  0 
0  26  16  6  0  0 
0  48  0  0  0  0 
2  32  6  0  0  8 
0  8  22  18  0  0 
0  8  2  38  0  0 
0  10  36  0  0  2 
0  46  0  2  0  0 
0  34  0  6  0  8 
28  4  6  8  2  0 
2  38  2  6  0  0 
0  10  0  38  0  0 
0  4  10  34  0  0 
0  0  40  8  0  0 
2  36  6  4  0  0 
0  6  26  16  0  0 
0  30  16  2  0  0 
0  44  4  0  0  0 
14  30  2  2  0  0 
7 
16  12  16  4  0  0  0 
0  48  0  0  0  0  0 
30  10  6  0  2  0  0 
2  0  46  0  0  0  0 
22  4  22  0  0  0  0 
42  0  6  0  0  0  0 
10  38  0  0  0  0  0 
14  8  2  0  0  0  24 
38  4  4  0  0  0  2 
16  26  6  0  0  0  0 
16  10  22  0  0  0  0 
18  12  18  0  0  0  0 
12  0  32  0  4  0  0 
24  4  20  0  0  0  0 
10  32  0  0  0  4  2 
18  10  20  0  0  0  0 
38  10  0  0  0  0  0 
12  32  0  0  0  0  4 
24  6  18  0  0  0  0 
26  8  14  0  0  0  0 
4 
10  16  18  4 
18  24  6  0 
26  12  10  0 
48  0  0  0 
20  10  18  0 
6  42  0  0 
0  48  0  0 
30  10  8  0 
12  0  36  0 
28  12  8  0 
2  38  8  0 
34  8  6  0 
2  46  0  0 
38  10  0  0 
30  8  10  0 
32  10  2  4 
8  14  26  0 
18  24  6  0 
44  0  4  0 
32  16  0  0 
6 
2  44  2  0  0  0 
0  48  0  0  0  0 
0  48  0  0  0  0 
0  2  46  0  0  0 
0  34  0  10  2  2 
40  8  0  0  0  0 
26  22  0  0  0  0 
12  32  0  0  0  4 
0  44  0  2  2  0 
0  34  0  0  14  0 
22  18  8  0  0  0 
10  38  0  0  0  0 
0  42  4  2  0  0 
2  30  6  6  4  0 
0  48  0  0  0  0 
2  38  6  0  2  0 
0  42  0  0  6  0 
18  30  0  0  0  0 
26  20  0  0  2  0 
14  32  0  2  0  0 
8 
2  12  26  0  6  0  2  0 
0  20  28  0  0  0  0  0 
12  0  36  0  0  0  0  0 
46  2  0  0  0  0  0  0 
4  12  26  0  0  6  0  0 
42  2  4  0  0  0  0  0 
12  10  22  0  0  0  0  4 
34  4  10  0  0  0  0  0 
8  2  38  0  0  0  0  0 
2  10  36  0  0  0  0  0 
16  20  12  0  0  0  0  0 
16  8  22  0  2  0  0  0 
40  0  6  2  0  0  0  0 
16  8  24  0  0  0  0  0 
6  36  6  0  0  0  0  0 
24  6  18  0  0  0  0  0 
32  4  12  0  0  0  0  0 
22  6  20  0  0  0  0  0 
8  6  34  0  0  0  0  0 
14  4  26  0  4  0  0  0 
6 
0  20  28  0  0  0 
6  2  40  0  0  0 
0  44  4  0  0  0 
0  48  0  0  0  0 
0  8  18  22  0  0 
0  12  36  0  0  0 
0  20  28  0  0  0 
0  8  38  0  2  0 
0  42  4  2  0  0 
0  32  16  0  0  0 
0  16  32  0  0  0 
0  20  26  2  0  0 
0  46  2  0  0  0 
0  20  16  0  4  8 
0  38  10  0  0  0 
0  36  10  2  0  0 
0  8  40  0  0  0 
0  30  18  0  0  0 
0  14  30  4  0  0 
0  30  18  0  0  0 
6 
0  40  8  0  0  0 
0  48  0  0  0  0 
0  40  2  4  2  0 
0  48  0  0  0  0 
0  36  8  0  0  4 
0  36  10  2  0  0 
0  20  28  0  0  0 
0  46  2  0  0  0 
0  12  36  0  0  0 
0  40  8  0  0  0 
0  46  2  0  0  0 
0  38  10  0  0  0 
0  2  4  40  2  0 
0  36  8  2  0  2 
0  6  42  0  0  0 
0  36  12  0  0  0 
4  44  0  0  0  0 
0  40  6  0  2  0 
0  22  22  0  0  4 
0  44  4  0  0  0 
6 
4  28  6  8  2  0 
2  10  0  36  0  0 
0  28  20  0  0  0 
0  0  48  0  0  0 
10  28  2  8  0  0 
4  14  30  0  0  0 
14  32  0  2  0  0 
36  2  2  8  0  0 
2  40  2  4  0  0 
0  26  0  22  0  0 
8  36  4  0  0  0 
8  34  6  0  0  0 
0  4  44  0  0  0 
0  12  36  0  0  0 
2  0  46  0  0  0 
4  24  18  2  0  0 
28  6  0  14  0  0 
30  8  10  0  0  0 
2  42  0  2  0  2 
8  34  6  0  0  0 
6 
14  24  4  0  2  4 
0  32  16  0  0  0 
32  12  4  0  0  0 
48  0  0  0  0  0 
0  2  44  0  0  2 
4  44  0  0  0  0 
8  40  0  0  0  0 
6  42  0  0  0  0 
0  10  38  0  0  0 
12  24  10  2  0  0 
10  20  18  0  0  0 
8  18  22  0  0  0 
2  6  40  0  0  0 
34  4  10  0  0  0 
6  42  0  0  0  0 
16  16  12  0  0  4 
18  28  2  0  0  0 
12  34  2  0  0  0 
30  12  6  0  0  0 
4  38  6  0  0  0 
4 
46  2  0  0 
16  32  0  0 
42  6  0  0 
2  46  0  0 
48  0  0  0 
40  6  2  0 
12  24  0  12 
44  2  0  2 
46  2  0  0 
48  0  0  0 
42  6  0  0 
48  0  0  0 
44  4  0  0 
34  14  0  0 
14  34  0  0 
42  6  0  0 
46  2  0  0 
44  4  0  0 
48  0  0  0 
46  2  0  0 
9 
6  0  34  4  0  2  0  2  0 
14  0  34  0  0  0  0  0  0 
0  0  8  40  0  0  0  0  0 
2  0  46  0  0  0  0  0  0 
0  0  44  4  0  0  0  0  0 
0  6  10  32  0  0  0  0  0 
6  0  18  24  0  0  0  0  0 
0  0  30  0  0  18  0  0  0 
0  0  48  0  0  0  0  0  0 
28  0  20  0  0  0  0  0  0 
4  0  38  6  0  0  0  0  0 
8  0  34  4  0  0  0  0  2 
0  0  2  46  0  0  0  0  0 
6  0  26  6  0  0  0  10  0 
16  0  22  10  0  0  0  0  0 
6  0  30  8  0  2  0  0  2 
16  0  32  0  0  0  0  0  0 
20  0  26  2  0  0  0  0  0 
22  0  22  2  2  0  0  0  0 
12  0  26  2  0  6  2  0  0 
5 
10  14  24  0  0 
0  6  32  10  0 
0  10  38  0  0 
0  2  46  0  0 
16  0  32  0  0 
0  48  0  0  0 
0  30  18  0  0 
0  42  6  0  0 
2  4  42  0  0 
0  4  44  0  0 
0  26  22  0  0 
10  12  26  0  0 
0  46  2  0  0 
0  36  12  0  0 
8  10  30  0  0 
2  22  22  0  2 
8  10  30  0  0 
0  26  22  0  0 
6  10  32  0  0 
16  10  22  0  0 
5 
8  0  38  2  0 
4  0  38  6  0 
10  0  26  12  0 
2  0  0  46  0 
22  0  26  0  0 
44  0  0  2  2 
2  0  14  32  0 
12  6  26  4  0 
4  0  12  32  0 
0  0  48  0  0 
8  6  12  18  4 
12  0  32  4  0 
0  0  2  46  0 
4  0  32  12  0 
46  0  2  0  0 
20  0  20  8  0 
36  4  2  6  0 
0  6  42  0  0 
6  0  36  4  2 
18  0  28  2  0 
7 
8  22  14  4  0  0  0 
40  0  6  0  0  0  2 
4  26  16  2  0  0  0 
2  0  46  0  0  0  0 
20  10  18  0  0  0  0 
18  0  30  0  0  0  0 
0  0  48  0  0  0  0 
8  0  40  0  0  0  0 
38  4  2  4  0  0  0 
4  38  2  4  0  0  0 
6  0  36  6  0  0  0 
24  8  14  2  0  0  0 
0  2  46  0  0  0  0 
2  8  38  0  0  0  0 
4  22  0  0  22  0  0 
14  10  18  6  0  0  0 
6  30  6  0  0  2  4 
28  14  6  0  0  0  0 
26  14  4  4  0  0  0 
14  10  8  16  0  0  0 
