-333307579
860391444
-1649284872
-1743162310
1409398377
1588316260
-2078029305
-300511491
-986301939
1291765782
926142541
1540855298
-235976570
-813783683
1439457578
1732745558
1612694080
-1134733005
-1172258423
1575942516
-1752683458
1270223237
341687584
1757581029
1334056001
1283050308
-1194829666
1299590267
-80833772
292773525
-1540023805
1356840624
311287502
1348211047
-557714761
518755368
1030056614
-96568745
1574658149
-1026264084
-1615533758
-1300423161
1249706695
1671996399
28669196
-1070599903
767609874
-1344120648
-1620479364
-981284523
-374480123
-182001015
-197772869
1553836488
1247102637
2135299197
247510077
-955919522
-1215015921
462295607
1752162933
886728510
885999062
129047443
647110154
770284628
-685678863
1311254798
369634878
-1459380252
-440457546
1312622636
-2101511510
1536277777
-935308908
651934932
-1439976592
-1827704835
-1874909917
-1425506791
251133703
-40819000
-778719772
-1990700284
-1386307204
482708680
1098249154
-10534405
-1675062300
588479772
303733344
-286013000
1618251716
-348716359
456365297
-1139327348
838062510
-1923235588
10
