0.210380
0.241716
0.545729
0.115720
0.391422
0.300740
0.196402
0.267000
0.147674
0.216790
0.069026
0.456426
0.206622
0.338769
0.100547
0.204304
0.118219
0.125815
0.087749
0.343951
0.631098
0.288229
0.438425
0.333038
0.287017
0.388769
0.300470
0.290399
0.185113
0.526278
0.299440
0.367264
0.218222
0.277034
0.219325
0.237988
0.243611
0.605813
0.302988
0.437901
0.368414
0.391050
0.417355
0.321557
0.293003
0.231928
0.475051
0.222795
0.440861
0.175551
0.330913
0.272782
0.251576
0.260819
0.573916
0.684877
0.638048
0.631777
0.725593
0.642237
0.539439
0.509327
0.740372
0.450520
0.688904
0.434862
0.625636
0.558084
0.568750
0.549458
0.449349
0.357143
0.275502
0.294843
0.164201
0.284474
0.119329
0.496874
0.254427
0.390535
0.157134
0.279272
0.197908
0.155737
0.144601
0.290477
0.377543
0.545116
0.509627
0.260165
0.339854
0.456071
0.289013
0.486363
0.289163
0.374633
0.342379
0.414160
0.396491
0.314086
0.425671
0.405441
0.213680
0.267715
0.446454
0.266458
0.419644
0.253780
0.333921
0.258967
0.333679
0.327382
0.420200
0.328606
0.241223
0.207823
0.503479
0.275057
0.394169
0.203445
0.285436
0.195065
0.275345
0.252769
0.366476
0.394503
0.215334
0.623185
0.362286
0.522876
0.276591
0.362120
0.312454
0.286463
0.281736
0.326095
0.143982
0.572080
0.279352
0.424954
0.175599
0.312769
0.219159
0.179506
0.171896
0.199409
0.422389
0.201273
0.394957
0.168819
0.245137
0.207425
0.268812
0.248700
0.411511
0.142993
0.324179
0.053835
0.172871
0.100715
0.075996
0.048767
0.352524
0.537049
0.346615
0.495280
0.438105
0.469226
0.483475
0.374994
0.084772
0.264398
0.193433
0.205257
0.200858
0.309810
0.395098
0.351046
0.359582
0.377563
0.185539
0.119778
0.124744
0.097885
0.173224
0.239395
0.217912
0.173392
0.122941
0.141755
